Survived=0 <- Class=2,Sex=1,Age=1(0.0699682/154, 91.6667, 1.35408)
Survived=0 <- Class=2,Sex=1(0.0699682/154, 86.0335, 1.27087)
Survived=0 <- Class=3,Sex=1,Age=1(0.175829/387, 83.7662, 1.23738)
Survived=0 <- Class=3,Sex=1(0.191731/422, 82.7451, 1.2223)
